camera_matrix:
- [1187.3349449500543, 0.0, 634.6542760298714]
- [0.0, 1176.5358371186724, 364.25081767895193]
- [0.0, 0.0, 1.0]
dist_coefs:
- [-0.9654037653763312, 1.4295144598216099, -0.01231240682365047, -0.006121185844327448,
  -1.118985052315903]
rms: 2.201759577042736
